#packages
x=10
rso <- 10
